32898 29.927817344665527 0
32018 28.199244499206543 0
35935 32.14147186279297 0
34438 31.409531593322754 0
38400 34.516319036483765 2
37293 33.717278242111206 0
5636 5.051051378250122 0
37426 33.47525477409363 0
32337 28.486274003982544 0
32722 28.639222621917725 0
35831 31.908323764801025 0
32458 29.28651237487793 0
37600 32.82086539268494 2
20281 17.838147163391113 0
25163 21.992181062698364 0
33669 30.6542866230011 0
31724 27.765279054641724 0
30251 26.431228399276733 0
20362 17.597153902053833 0
30621 26.450206518173218 0
33384 29.017226457595825 0
29879 26.22822117805481 0
37600 33.04034447669983 2
38400 34.147759675979614 2
34116 30.095297813415527 0
16900 14.998145580291748 0
25270 24.43470287322998 0
30819 26.266197681427002 0
29279 23.504148244857788 0
37600 31.00214648246765 2
34850 28.684139728546143 0
37024 29.671916484832764 0
36438 29.16421914100647 0
25691 20.407161951065063 0
35788 28.644813060760498 0
32365 26.94720959663391 0
36198 29.437711715698242 0
10759 8.68808913230896 0
37600 30.651594161987305 2
31254 26.03520154953003 0
35758 29.741220951080322 0
20067 16.81414222717285 0
2677 2.2670235633850098 0
33806 28.777177572250366 0
34911 28.776724576950073 0
38400 32.65984773635864 2
35408 29.50121784210205 0
16697 13.574103116989136 0
37600 32.20299243927002 2
36299 31.321324348449707 0
