157 74.17275738716125 0
122 63.42019033432007 0
81 54.48506808280945 0
104 64.27394270896912 0
169 101.64260482788086 0
177 166.3591492176056 0
118 37.27638840675354 0
98 60.00787687301636 0
91 53.32324242591858 0
134 58.95067286491394 0
100 54.0964252948761 0
131 107.12894082069397 0
106 59.12315225601196 0
155 67.70648956298828 0
111 26.84253454208374 0
155 109.25047516822815 0
74 54.40201187133789 0
73 29.143784999847412 0
92 56.02038931846619 0
88 52.66955041885376 0
235 207.67571425437927 0
87 60.46455979347229 0
128 61.370988845825195 0
138 67.42532634735107 0
126 61.847259759902954 0
135 59.8649697303772 0
110 61.57598662376404 0
168 115.72747993469238 0
91 46.464988708496094 0
80 45.14944815635681 0
88 46.5951361656189 0
105 49.31776285171509 0
97 35.30730986595154 0
83 55.00302720069885 0
122 53.288596868515015 0
107 50.59744381904602 0
99 52.43654990196228 0
74 46.693336486816406 0
81 37.63957357406616 0
67 34.47032332420349 0
81 44.65527009963989 0
119 50.74401140213013 0
94 55.562052965164185 0
87 50.13532996177673 0
74 37.70800185203552 0
251 181.23453783988953 0
250 178.9247694015503 0
109 54.02261209487915 0
143 63.56972360610962 0
71 42.57025146484375 0
