76 19.572203874588013 0
49 11.707998275756836 0
31 8.036161184310913 0
95 30.99981451034546 0
75 19.174691915512085 0
41 13.009354591369629 0
45 16.514007568359375 0
91 44.38843274116516 0
68 17.62105631828308 0
112 71.62818098068237 0
63 50.403096437454224 0
48 12.083858966827393 0
91 24.933448314666748 0
20 4.998985290527344 0
37 8.72898006439209 0
72 23.714638471603394 0
38 9.085203647613525 0
180 99.31999397277832 0
184 116.96611547470093 0
33 7.813993215560913 0
71 36.1500723361969 0
71 17.128589391708374 0
65 42.030373096466064 0
108 39.349524974823 0
74 20.771647214889526 0
68 17.020286798477173 0
193 159.53358459472656 0
103 45.82559657096863 0
89 33.61202812194824 0
81 41.76730394363403 0
57 15.789990425109863 0
83 24.233641386032104 0
81 29.432365655899048 0
85 33.98839521408081 0
67 33.48169231414795 0
104 32.63955593109131 0
83 27.91174578666687 0
104 43.580944299697876 0
852 954.3901262283325 0
146 43.440391063690186 0
25 8.335882425308228 0
28 9.486327409744263 0
64 24.773262977600098 0
102 36.87734580039978 0
118 128.74383568763733 0
679 818.3558752536774 0
47 15.435008764266968 0
50 26.566341400146484 0
116 40.04553508758545 0
157 115.61131238937378 0
