1050 1.1429955959320068 0
2955 3.2520153522491455 0
4830 4.890072345733643 0
28109 28.255866050720215 0
4699 4.035092353820801 0
1837 1.4870355129241943 0
9562 7.795118570327759 0
620 0.49698519706726074 0
28987 23.50539755821228 0
37600 30.361602067947388 2
9931 7.930168628692627 0
17523 13.891272783279419 0
5029 4.162039279937744 0
1334 1.113037347793579 0
13391 10.973196983337402 0
32820 26.434436559677124 0
37600 29.88755178451538 4
2517 2.005000114440918 0
2115 1.7210478782653809 0
766 0.6220719814300537 0
8823 7.056113958358765 0
37600 30.03655433654785 2
37600 30.061548709869385 2
2822 2.2930731773376465 0
5447 4.329309701919556 0
37600 30.85600209236145 10
3619 2.8810198307037354 0
9119 7.437124490737915 0
37600 30.468517780303955 5
4069 3.274101495742798 0
16294 13.139194011688232 0
37600 30.360514402389526 8
2397 1.9040272235870361 0
368 0.3099706172943115 0
1233 0.9969608783721924 0
35824 28.232460737228394 0
2811 2.2130744457244873 0
29029 23.39838171005249 0
37600 31.500577449798584 2
37600 32.12358593940735 13
631 0.49800777435302734 0
29647 24.264713764190674 0
1900 1.5490601062774658 0
706 0.6530020236968994 0
2066 1.6890580654144287 0
37600 32.2531054019928 2
37600 39.08997964859009 4
37600 33.43146991729736 2
37600 38.09777545928955 2
16132 14.802331924438477 0
