93 42.374245166778564 0
86 22.04976201057434 0
99 30.36688494682312 0
88 28.555720567703247 0
197 117.63327264785767 0
122 27.60407328605652 0
118 58.795610189437866 0
182 121.27409672737122 0
167 84.98676013946533 0
145 94.46846461296082 0
168 84.61708950996399 0
177 44.77662014961243 0
153 67.83733463287354 0
76 46.99895262718201 0
82 20.677074909210205 0
685 554.4683969020844 0
87 27.861656665802002 0
148 36.439974546432495 0
128 58.14097046852112 0
174 109.87323570251465 0
113 49.24687957763672 0
34 6.979317903518677 0
168 41.43981909751892 0
236 160.58598279953003 0
132 34.6707284450531 0
424 339.9030086994171 0
128 95.84712433815002 0
847 808.5709354877472 0
71 17.486825942993164 0
194 160.6998529434204 0
312 257.7400004863739 0
128 35.71529245376587 0
292 240.84902572631836 0
810 799.0059955120087 0
86 34.22001528739929 0
62 20.15049409866333 0
159 80.72717881202698 0
77 20.029287338256836 0
167 138.0996606349945 0
73 22.90538477897644 0
114 28.871861219406128 0
113 40.557313203811646 0
46 11.270445346832275 0
141 88.5875813961029 0
72 22.82619857788086 0
265 183.13078570365906 0
87 51.918569564819336 0
615 565.3949427604675 0
81 50.14679932594299 0
126 66.6684501171112 0
