29495 27.263906955718994 0
38400 37.63286232948303 2
25820 26.584365844726562 0
5465 6.083027601242065 0
38400 48.24959754943848 2
37600 42.66943311691284 2
24823 25.396294355392456 0
8136 8.779306173324585 0
38400 43.06076955795288 2
38400 38.39251494407654 2
37600 36.696430683135986 2
14956 17.249194860458374 0
38400 37.561460733413696 2
29103 30.50737166404724 0
29448 31.274928092956543 0
18229 19.539807319641113 0
6684 6.743080377578735 0
38400 37.88010787963867 2
7278 6.123114585876465 0
23602 20.957274913787842 0
38400 32.53140640258789 2
37600 35.355995178222656 2
21113 16.790223598480225 0
38400 32.59959626197815 2
14601 12.484151601791382 0
37600 36.44971823692322 8
23137 23.296653270721436 0
37600 40.126142501831055 2
6142 6.864075183868408 0
37600 40.84136629104614 2
19064 20.328698873519897 0
4413 4.59105920791626 0
30816 32.92794418334961 0
30726 33.175894021987915 0
12732 12.283145666122437 0
37600 39.40129995346069 2
34454 34.3989737033844 0
9129 8.873100996017456 0
1464 1.378058671951294 0
37600 37.99907088279724 7
3394 4.210476875305176 0
6867 8.018101692199707 0
3178 3.176025152206421 0
2588 3.071026086807251 0
38400 36.15980076789856 2
4181 3.6640777587890625 0
3843 3.5319833755493164 0
38400 33.66506552696228 4
38400 31.58168625831604 2
7631 6.658067226409912 0
