133 0 2.9003632068634033
76 0 4.172434091567993
228 0 6.651772975921631
190 0 15.873548030853271
152 0 17.182666540145874
285 0 17.865702629089355
266 0 21.941201210021973
38 0 45.563880443573
95 0 47.28420615196228
229 0 35.32394552230835
171 0 54.55920124053955
0 0 62.48000431060791
19 0 63.90715718269348
286 0 40.060856342315674
96 0 17.346983909606934
230 0 33.64073443412781
287 0 35.38767433166504
20 0 51.868398904800415
153 0 112.32007074356079
231 0 75.22661471366882
267 0 147.98765397071838
154 0 35.315962076187134
288 0 87.9630856513977
155 0 23.33475637435913
1 0 137.572655916214
232 0 49.904579639434814
233 0 16.98346781730652
289 0 43.08735942840576
134 0 275.21192145347595
135 0 20.64482808113098
21 0 200.7772240638733
57 0 339.05429768562317
2 0 169.3005051612854
172 0 321.7937512397766
3 0 9.938100576400757
58 0 49.814419746398926
59 0 20.8055157661438
77 0 451.2254900932312
191 0 457.04756355285645
136 0 207.15270495414734
173 0 155.0371389389038
290 0 298.0860664844513
174 0 7.665822744369507
192 0 79.71227979660034
137 0 62.1303231716156
291 0 94.67616748809814
78 0 198.94402718544006
292 0 26.67416739463806
209 0 711.6777255535126
210 0 41.8250048160553
211 0 7.9477643966674805
293 0 90.15956926345825
212 0 23.051900148391724
213 0 57.69615721702576
138 0 342.1161947250366
139 0 5.921521425247192
214 0 245.27861285209656
140 0 281.3807690143585
193 0 694.6592297554016
194 0 83.46461081504822
195 0 18.22819685935974
114 2 1382.1847834587097
247 4 1393.878470659256
79 0 740.8947355747223
141 0 181.4596118927002
248 0 8.60953140258789
39 4 1366.0665636062622
40 0 12.8990478515625
41 0 0.927105188369751
249 0 24.62203097343445
142 0 47.587859869003296
42 0 25.557050466537476
143 0 6.915560245513916
43 0 7.545608997344971
80 0 69.22664833068848
97 8 1403.8502984046936
144 0 21.32001566886902
98 0 17.820731163024902
81 0 31.47106099128723
115 0 138.61679553985596
82 0 11.504898309707642
99 0 36.11040902137756
44 0 62.1087589263916
100 0 18.29329514503479
268 8 1379.737107038498
83 0 34.19697284698486
84 0 52.60757231712341
175 0 1132.481815814972
176 0 26.942862510681152
22 2 1400.6376893520355
234 2 1538.4366064071655
156 4 1580.8718693256378
177 0 96.45228886604309
85 0 197.09774827957153
101 0 265.1526427268982
178 0 6.532854318618774
86 0 52.95920276641846
23 0 172.64977979660034
24 0 7.737478017807007
4 8 1552.7409946918488
5 0 9.954593896865845
116 0 458.306640625
87 0 127.82755494117737
60 6 1604.9565308094025
61 0 8.918580293655396
62 0 10.40765929222107
63 0 11.455641031265259
117 0 81.72790765762329
64 0 27.74874186515808
6 0 143.40212559700012
7 0 33.60713863372803
294 7 1573.252123594284
295 0 10.731640100479126
88 0 387.397385597229
89 0 10.689615488052368
196 0 1123.5536901950836
197 0 7.139807939529419
198 0 11.97027039527893
65 0 453.84722447395325
250 0 1131.976676940918
102 0 842.777615070343
199 0 166.09221196174622
215 2 1613.4050462245941
90 0 329.74519777297974
216 0 22.672203302383423
91 0 60.24990487098694
200 0 190.28687262535095
217 0 146.02878260612488
45 9 1481.358776807785
145 4 1557.0704760551453
269 2 1523.6161303520203
270 0 132.0024449825287
157 0 1439.0713105201721
158 0 1.737074851989746
159 0 19.870877981185913
271 0 50.472251176834106
179 6 1538.709769487381
180 0 12.388549327850342
235 7 1643.421885251999
25 12 1560.404645204544
118 7 1540.778882265091
8 2 1630.0530457496643
296 2 1541.656260728836
297 0 52.69345450401306
298 0 16.438023567199707
103 0 1311.7728016376495
251 3 1425.697147846222
104 0 30.346967220306396
66 4 1615.4449939727783
299 0 234.0326657295227
201 2 1533.4935874938965
92 9 1600.3541350364685
93 0 47.591821908950806
46 5 1482.4955160617828
94 0 63.617616415023804
218 2 1667.8252699375153
219 0 62.52280116081238
220 0 31.66004776954651
221 0 11.07491946220398
67 0 518.4924311637878
222 0 10.65835428237915
146 2 1652.760505437851
147 0 14.6115083694458
68 0 78.75217771530151
272 2 1583.4524474143982
160 6 1620.8293738365173
181 9 1593.1299345493317
236 6 1609.8400540351868
182 0 116.92758750915527
26 2 1628.8591063022614
161 0 244.4585211277008
162 0 11.38228988647461
183 0 75.98797249794006
184 0 13.225329160690308
163 0 61.73660945892334
27 0 123.36692428588867
119 2 1637.6343247890472
28 0 22.39131188392639
120 0 14.979417562484741
164 0 95.44919013977051
121 0 120.24711322784424
9 2 1661.183142900467
185 0 302.74319314956665
186 0 15.123383522033691
252 0 1650.7799091339111
122 0 279.0650863647461
123 0 1.5900793075561523
253 0 28.769781589508057
29 0 613.4309434890747
105 9 1861.3564598560333
106 0 85.18612098693848
30 0 116.4124813079834
107 0 30.46827530860901
69 0 1281.5042667388916
31 0 68.20825409889221
202 4 1810.9023916721344
203 0 43.103623151779175
223 10 1604.0443050861359
47 2 1811.2055714130402
204 0 59.9381639957428
148 2 1616.1978933811188
205 0 119.35421323776245
237 12 1603.206042289734
273 2 1791.7069439888
224 0 469.310861825943
225 0 33.21734619140625
165 8 1559.9554748535156
166 0 6.127097845077515
226 0 71.08112335205078
167 0 28.765623092651367
10 2 1515.8886396884918
11 0 27.151410818099976
12 0 20.042317390441895
13 0 23.427406311035156
238 0 387.5024049282074
14 0 8.484123468399048
239 0 19.23055338859558
240 0 6.8601086139678955
241 0 11.106178283691406
15 0 42.85429310798645
187 4 1704.0270128250122
254 4 1635.0211627483368
124 9 1637.686236858368
206 0 996.7575750350952
70 2 1487.7191462516785
71 0 17.387372732162476
72 0 9.01636791229248
48 0 1289.757152080536
108 2 1648.033485174179
109 0 5.530825614929199
274 0 1083.2089884281158
125 0 418.0120768547058
32 12 1726.3896007537842
110 0 148.75582551956177
111 0 25.11134386062622
149 2 1508.2324900627136
33 0 184.21251893043518
34 0 65.27185225486755
150 0 236.1271255016327
255 0 906.8840742111206
151 0 159.5228133201599
256 0 20.996312618255615
227 4 1454.1876838207245
168 8 1448.6401889324188
169 0 54.65378141403198
170 0 29.816380500793457
16 2 1369.9091439247131
242 2 1424.5219044685364
243 0 15.766237020492554
188 12 1396.1109054088593
189 0 12.896273851394653
17 0 173.79052424430847
275 0 918.4799256324768
49 0 1060.6281516551971
276 0 23.608330488204956
50 0 44.16307091712952
207 2 1333.08109664917
51 0 62.710803270339966
52 0 19.866254568099976
73 3 1240.4122822284698
74 0 14.70816421508789
18 0 210.75261735916138
277 0 252.2881817817688
126 4 1196.7486250400543
278 0 42.90249180793762
279 0 1.884054183959961
127 0 48.88133764266968
112 6 1186.342469215393
113 0 27.402825593948364
128 0 76.66046619415283
129 0 15.101084232330322
35 4 1102.5809772014618
257 2 1017.8071303367615
258 0 16.91018056869507
280 0 351.70705795288086
244 4 829.2359132766724
208 0 686.810064792633
53 0 687.2550814151764
54 0 4.234084367752075
55 0 65.8058545589447
56 0 14.2751305103302
75 2 752.4285674095154
130 0 506.71785593032837
131 0 60.21021604537964
36 12 676.6025996208191
132 0 237.7829520702362
259 4 675.8332064151764
260 0 11.820042610168457
261 0 3.774782180786133
281 6 668.3804135322571
282 0 1.7370169162750244
283 0 6.827092409133911
284 0 2.6750497817993164
245 8 663.7543804645538
246 0 1.1480097770690918
37 4 198.20553612709045
262 2 128.0027575492859
263 0 10.145100116729736
264 0 0.59604811668396
265 0 4.602032423019409
