0 0 0.5759961605072021
1 0 3.950998544692993
2 0 9.82300090789795
3 0 5.929999113082886
4 0 3.607999563217163
5 0 0.8139996528625488
6 0 61.622984170913696
7 0 2.1910083293914795
8 2 132.84099984169006
9 0 19.480982542037964
10 4 106.49404764175415
11 0 2.0049502849578857
12 0 2.2796061038970947
13 0 3.4314632415771484
14 0 2.5229930877685547
15 0 24.453269481658936
16 10 95.15909147262573
17 2 103.9346969127655
18 0 21.518043518066406
19 0 5.277034521102905
20 0 0.970008373260498
22 0 1.4940464496612549
23 0 15.28863263130188
24 0 1.55000638961792
25 13 99.85909152030945
26 0 3.7860472202301025
27 0 1.5949547290802002
28 6 97.0460798740387
29 0 11.303993701934814
30 0 24.48397397994995
31 0 4.784045457839966
32 2 100.3500382900238
33 0 2.9679837226867676
34 0 6.770973205566406
35 4 97.24403786659241
36 0 0.9759862422943115
37 3 98.0375304222107
38 0 4.776020050048828
39 13 99.89321374893188
40 0 0.7879948616027832
41 0 18.005040645599365
42 0 0.39898109436035156
43 0 0.9290404319763184
44 0 8.7879478931427
46 2 100.85456609725952
47 0 22.84403896331787
49 0 5.199983358383179
50 0 4.7739973068237305
51 0 9.481034994125366
52 0 1.0710289478302002
54 6 97.47834134101868
55 0 85.95949935913086
56 0 1.6574673652648926
57 0 2.9100341796875
58 0 7.292969465255737
59 0 2.057039976119995
60 0 0.9539732933044434
61 0 5.143992185592651
62 6 97.07503509521484
63 0 0.4009993076324463
64 0 0.6850476264953613
65 0 15.59800934791565
66 2 95.94900131225586
67 0 7.738035202026367
68 0 4.018065929412842
69 2 102.6897656917572
70 0 1.6190433502197266
71 0 1.035003662109375
72 0 6.954259395599365
73 2 94.85815167427063
74 0 0.3790321350097656
75 2 91.44616651535034
76 0 2.917968988418579
78 0 14.159040212631226
79 0 18.943000078201294
80 0 23.141032218933105
81 0 7.58398699760437
82 0 0.7510108947753906
83 0 1.1240248680114746
84 0 11.445988178253174
85 0 0.5389833450317383
86 0 0.8229885101318359
87 0 3.6950290203094482
88 0 11.392441034317017
89 6 93.26916408538818
90 0 6.996031999588013
91 0 0.6669654846191406
92 0 3.983036756515503
93 0 1.970963478088379
94 2 93.82300448417664
95 0 0.6770124435424805
96 14 95.72304701805115
97 2 88.83414006233215
98 2 93.15570211410522
99 0 0.508014440536499
100 3 92.46200847625732
101 0 7.881030321121216
102 0 10.109011888504028
103 2 92.01504325866699
104 0 5.460010051727295
105 16 95.07741332054138
106 0 2.731022357940674
107 0 1.8080065250396729
108 0 3.8390088081359863
109 0 1.0430469512939453
110 0 9.268009424209595
111 0 8.584038972854614
112 2 92.52799415588379
113 0 30.71800971031189
114 13 94.22351455688477
115 0 3.0470550060272217
116 0 36.706008195877075
117 8 87.81301069259644
118 0 14.483989238739014
119 0 4.628999471664429
120 0 7.1090452671051025
121 0 4.443010568618774
122 0 2.2570126056671143
123 2 83.6935248374939
124 5 87.50008940696716
126 2 85.91575789451599
127 0 3.8900163173675537
128 0 5.957998275756836
129 0 0.6340274810791016
130 0 32.90301513671875
131 0 6.016232013702393
132 0 1.1390197277069092
133 0 5.977032661437988
134 0 1.040001392364502
135 0 0.7180404663085938
136 0 9.659017324447632
137 0 1.838000774383545
138 0 8.31539797782898
139 2 86.172607421875
140 2 86.31592869758606
142 0 0.35196495056152344
143 0 1.1850457191467285
144 0 15.360989332199097
146 16 89.77804350852966
147 0 0.9679932594299316
148 13 89.94403100013733
149 8 88.23204064369202
150 0 7.348004102706909
151 0 21.159998655319214
152 0 1.4079983234405518
153 0 18.753035306930542
154 0 2.0640430450439453
155 0 3.8820111751556396
156 2 86.14198732376099
158 0 8.742009401321411
159 0 10.03299069404602
160 8 88.75291657447815
162 0 0.3320009708404541
163 0 3.977034568786621
164 0 3.2989742755889893
165 0 0.2739739418029785
166 0 1.671011209487915
167 0 0.5449786186218262
168 8 87.87930369377136
169 5 87.25272059440613
171 0 1.5990169048309326
172 0 11.060009002685547
173 0 7.874030828475952
174 0 3.1620025634765625
176 0 1.0390448570251465
177 0 1.352215051651001
178 0 5.683003187179565
179 6 97.22863721847534
180 0 1.8320467472076416
181 2 93.8420467376709
182 0 4.632040023803711
183 0 1.0649497509002686
184 0 6.5440380573272705
185 0 16.195000886917114
186 0 2.244992971420288
187 7 95.66598916053772
189 5 93.48408555984497
190 0 7.658007860183716
191 0 19.5819993019104
192 0 3.7300074100494385
193 0 31.367992162704468
194 0 21.702045917510986
195 12 92.87349700927734
196 0 62.40784168243408
197 0 6.235011339187622
198 0 62.579928159713745
199 0 0.8209879398345947
200 0 5.905040264129639
201 0 16.610034465789795
202 6 91.43994569778442
203 0 2.747042179107666
204 0 8.300009965896606
205 0 2.72800874710083
206 2 91.46103715896606
207 0 1.5620410442352295
208 17 94.07117462158203
209 0 6.020447492599487
210 0 0.31499767303466797
211 0 0.42501139640808105
212 0 3.694971799850464
213 12 92.13599872589111
214 0 2.8840322494506836
215 8 91.97999620437622
216 2 89.99498677253723
217 0 3.3670480251312256
218 2 88.40440011024475
219 0 4.290955543518066
220 0 1.3070430755615234
221 0 1.6970365047454834
222 0 0.6090264320373535
223 0 9.918013334274292
224 0 23.407063484191895
225 0 10.190991640090942
226 0 0.5049996376037598
227 10 88.5810272693634
228 0 4.361040115356445
229 0 1.6529979705810547
230 0 2.0800256729125977
232 0 1.928009271621704
233 0 3.32899808883667
234 0 67.7120430469513
235 0 0.9660074710845947
236 6 87.47800946235657
237 10 87.89403676986694
238 0 14.55696988105774
239 0 3.2310032844543457
240 0 1.3860487937927246
241 10 87.3748459815979
242 0 27.765037059783936
243 0 1.6719942092895508
244 0 3.836996078491211
245 5 87.57404732704163
246 0 2.2190399169921875
247 0 2.2580018043518066
248 0 3.027045965194702
249 0 3.5510010719299316
251 4 89.31741690635681
252 0 15.513994216918945
253 0 8.536011219024658
254 0 4.442028522491455
255 0 24.512077808380127
256 0 1.7640466690063477
257 0 34.061482667922974
258 0 16.180994033813477
259 2 87.15400004386902
260 0 4.201464891433716
261 0 0.22301292419433594
262 0 0.7559642791748047
263 0 3.2309999465942383
264 0 1.1259982585906982
265 0 1.080998182296753
266 0 5.854954957962036
267 0 5.154011487960815
268 4 87.50041127204895
269 0 5.174042701721191
270 0 2.874011516571045
271 0 5.5330047607421875
272 0 0.9219636917114258
273 0 7.962190389633179
274 0 46.14704489707947
275 0 55.662219762802124
276 0 3.057029962539673
277 0 5.259037017822266
278 0 2.8440515995025635
279 0 1.9769651889801025
280 0 33.65408182144165
281 6 136.8129277229309
282 0 0.9909946918487549
283 0 17.33508038520813
284 0 3.856003761291504
285 0 19.70552635192871
286 0 1.550994634628296
287 0 2.7650089263916016
288 2 132.54563546180725
289 6 135.98356437683105
290 0 14.333529233932495
291 0 33.25900411605835
292 0 2.7260122299194336
293 0 9.338996171951294
294 4 124.4988272190094
295 0 4.379582405090332
297 0 2.9660019874572754
298 0 0.3269796371459961
299 2 116.52080750465393
