228 0 3.370030403137207
190 0 3.0510406494140625
0 0 6.677002429962158
229 0 4.3800084590911865
266 0 12.187968730926514
152 0 15.765187501907349
230 0 22.131263256072998
1 0 49.8766348361969
76 0 73.49584317207336
2 0 29.53336501121521
267 0 76.18185234069824
38 0 96.2470293045044
3 0 19.54350185394287
153 0 246.64963221549988
154 0 9.318986415863037
155 0 7.806005239486694
231 0 310.6892890930176
232 0 13.49505090713501
191 0 510.34430742263794
192 0 13.16504454612732
193 0 58.34904503822327
194 0 38.437217235565186
195 0 2.075040102005005
114 2 866.6969957351685
115 0 9.500966787338257
39 2 786.7007293701172
40 0 1.0050148963928223
77 2 813.4831085205078
41 0 12.610441446304321
42 0 2.2789626121520996
78 0 47.370208978652954
43 0 39.046215772628784
268 2 861.1589152812958
79 0 20.09840154647827
4 2 865.7647449970245
5 0 7.8939924240112305
80 0 28.42131471633911
44 0 82.63228797912598
116 0 206.64287114143372
117 0 18.332003593444824
118 0 7.07195520401001
156 6 847.7751471996307
119 0 28.98203158378601
233 2 795.9004859924316
120 0 71.1180191040039
234 0 160.5773811340332
6 0 421.43726778030396
7 0 17.578941106796265
196 12 797.1348650455475
121 0 230.72135949134827
197 0 28.692696809768677
81 0 496.22988080978394
82 0 5.5236968994140625
83 0 75.87369322776794
8 0 178.82020378112793
84 0 48.49317741394043
198 0 165.15658807754517
45 8 615.3858251571655
199 0 59.18681502342224
157 0 586.6195573806763
200 0 56.66156339645386
158 0 33.29959750175476
269 2 840.8077309131622
270 0 20.108126163482666
85 0 202.09711813926697
271 0 19.955036401748657
272 0 24.739596128463745
273 0 21.053303241729736
122 0 496.6807849407196
235 4 722.4747495651245
274 0 174.88722848892212
201 0 488.3566164970398
275 0 220.67889738082886
276 0 40.72866439819336
159 0 622.6009318828583
46 4 761.4637107849121
9 2 807.8833153247833
277 0 100.8855607509613
10 0 27.47848129272461
278 0 36.427714347839355
279 0 14.176037073135376
280 0 21.381046533584595
11 0 82.4430205821991
86 4 732.5948922634125
87 0 4.980983257293701
12 0 38.338250160217285
13 0 79.60700464248657
14 0 9.799004793167114
88 0 113.69456720352173
89 0 15.527047634124756
15 0 46.46490454673767
90 0 31.89768934249878
123 10 779.8128464221954
236 8 743.2693161964417
91 0 79.54526472091675
202 9 771.3115742206573
203 0 24.897122144699097
204 0 87.13806200027466
205 0 16.24602460861206
47 2 750.2056200504303
206 0 22.227064609527588
160 3 791.101096868515
207 0 19.078747034072876
48 0 55.9852728843689
161 0 140.10292172431946
281 8 815.042311668396
162 0 11.404012441635132
163 0 8.03398847579956
282 0 14.196012496948242
164 0 6.646983861923218
283 0 70.63669729232788
284 0 41.454580307006836
285 0 10.508998394012451
16 2 794.3454792499542
237 8 785.5545201301575
124 16 850.2081260681152
238 0 13.322781562805176
49 0 378.7281234264374
239 0 7.393033027648926
92 4 798.9045331478119
93 0 5.303998708724976
94 0 27.93502402305603
50 0 90.139812707901
95 0 80.67022776603699
96 0 5.302992582321167
125 0 265.8330788612366
126 0 37.712119817733765
127 0 29.281907081604004
128 0 19.20326852798462
208 14 805.6209352016449
129 0 50.860421657562256
209 0 138.01356434822083
210 0 29.618725299835205
211 0 7.817990779876709
165 7 851.2383389472961
166 0 3.201023578643799
212 0 27.074044227600098
167 0 11.983108282089233
168 0 13.284893274307251
213 0 25.88900113105774
214 0 44.55201292037964
286 2 858.9298746585846
287 0 2.205695390701294
17 2 836.4022607803345
240 2 773.4810819625854
51 8 770.777016878128
52 0 12.096978902816772
97 4 765.3356623649597
98 0 49.59278726577759
99 0 1.0840046405792236
18 0 377.2323055267334
53 0 262.6910116672516
19 0 59.769970417022705
130 2 822.9847912788391
20 0 56.897223234176636
21 0 3.783001661300659
215 0 595.5752193927765
22 0 37.383575677871704
131 0 71.25491571426392
216 0 18.42451310157776
132 0 9.42577075958252
133 0 8.258986949920654
217 0 35.78175354003906
134 0 54.427913665771484
135 0 15.82624077796936
136 0 9.53053593635559
169 2 801.1800110340118
137 0 67.14751935005188
138 0 36.734559059143066
288 2 775.9376218318939
289 0 18.644969701766968
139 0 23.55500102043152
241 6 753.7929396629333
140 0 67.34333419799805
290 0 68.84935522079468
100 3 692.1219794750214
141 0 66.44500684738159
291 0 97.78401064872742
292 0 33.06014847755432
54 2 600.3986978530884
55 0 9.920031309127808
293 0 62.72559714317322
56 0 40.818384408950806
57 0 3.330984115600586
58 0 4.5700013637542725
101 0 161.803564786911
59 0 39.243802547454834
218 2 649.4895975589752
219 0 14.083983421325684
23 2 715.6199753284454
220 0 10.749376773834229
142 0 354.94678831100464
143 0 2.135591506958008
24 0 19.906358003616333
221 0 22.87899875640869
102 0 247.64895272254944
170 2 656.0894620418549
144 0 75.05626440048218
222 0 75.48322010040283
242 2 618.389378786087
243 0 14.345364332199097
244 0 39.1166889667511
245 0 18.28996467590332
246 0 1.999992847442627
247 0 6.751526355743408
223 0 189.8825821876526
224 0 3.246997833251953
225 0 18.4206223487854
226 0 30.20540165901184
227 0 8.207002401351929
248 0 125.22638082504272
249 0 28.63538646697998
294 4 710.2483742237091
60 4 665.4775280952454
295 0 8.526542663574219
61 0 1.0450656414031982
145 6 475.0355830192566
103 0 565.8602857589722
104 0 2.762042284011841
250 0 285.4095447063446
25 9 680.5217070579529
171 2 663.2537045478821
172 0 4.51859188079834
173 0 54.66704082489014
174 0 190.70966458320618
62 8 618.3744282722473
296 6 673.4463136196136
63 0 96.28803300857544
64 0 14.67180061340332
146 16 732.9784269332886
105 12 677.2938299179077
106 0 9.979039430618286
147 0 19.096574544906616
107 0 6.50641655921936
251 2 655.8867304325104
252 0 4.8310463428497314
297 0 156.67575907707214
298 0 2.9200057983398438
253 0 16.330069541931152
254 0 24.35860013961792
26 2 707.9281280040741
27 0 6.680974721908569
255 0 36.90299344062805
65 0 174.0057008266449
256 0 14.84487771987915
175 0 553.9326775074005
176 0 53.4981324672699
299 0 293.45160698890686
177 0 53.353482723236084
178 0 22.40383219718933
257 0 270.03031182289124
258 0 13.814080953598022
179 0 41.825942516326904
180 0 13.20703649520874
108 10 646.9314262866974
109 0 1.0679757595062256
110 0 11.3140230178833
148 9 703.8964779376984
111 0 47.54605221748352
66 8 636.3787155151367
28 2 704.8162972927094
67 0 67.96166801452637
68 0 23.342157125473022
29 0 123.56436109542847
30 0 31.25958800315857
31 0 33.33906364440918
181 8 615.8122329711914
259 3 689.0250923633575
149 2 412.1619875431061
260 0 34.31104826927185
69 0 342.2158966064453
261 0 48.846009969711304
150 0 73.23229813575745
151 0 15.17194676399231
112 8 651.6046414375305
113 0 35.58600378036499
32 4 547.3715844154358
33 0 8.875932693481445
34 0 17.41196584701538
262 2 406.31068682670593
263 0 1.8189916610717773
264 0 5.332143545150757
265 0 9.877047061920166
182 14 560.3645977973938
183 0 6.59202766418457
70 2 439.78981256484985
71 0 2.4490373134613037
72 0 2.459031820297241
73 2 269.7122037410736
74 0 12.111990690231323
35 7 354.98528599739075
184 2 320.75515604019165
36 0 12.174888134002686
185 0 116.2723753452301
186 0 2.816988229751587
37 6 196.90225958824158
0 0 3.2849552631378174
1 0 6.465968608856201
75 2 399.60086250305176
187 4 303.8462932109833
2 2 251.30495858192444
3 0 1.1370468139648438
4 12 109.60796356201172
5 0 1.9579284191131592
6 0 79.49856734275818
7 0 3.6794557571411133
188 10 347.83226704597473
8 2 187.00473999977112
9 0 7.317028999328613
10 0 4.8450398445129395
11 0 1.8370280265808105
12 0 4.012347459793091
13 0 3.9914889335632324
14 0 1.0650341510772705
15 0 16.495046138763428
189 2 228.99347472190857
16 4 168.38960576057434
17 0 2.0879523754119873
18 0 51.14264917373657
19 0 8.859992980957031
20 0 16.070046186447144
21 0 2.5989930629730225
22 0 18.075161457061768
23 0 12.425024271011353
24 0 2.388915777206421
25 0 0.3500635623931885
26 0 0.19105148315429688
27 0 1.6599979400634766
28 2 105.23308110237122
29 0 1.3700087070465088
30 0 0.29903745651245117
31 2 111.11012053489685
32 0 0.6280014514923096
33 0 11.013046979904175
34 0 8.919956922531128
35 2 119.91448450088501
36 0 1.1639974117279053
37 2 101.89691305160522
38 0 4.954529047012329
39 6 101.68498754501343
40 0 0.17998838424682617
41 0 16.686021089553833
42 0 0.12296509742736816
43 0 1.2390108108520508
44 0 5.2600109577178955
45 2 105.95423436164856
46 4 120.18602466583252
47 0 62.14335775375366
48 0 4.730032682418823
49 0 11.763044595718384
50 0 5.721037149429321
51 0 2.250169515609741
52 0 0.810032844543457
53 0 96.6051893234253
54 0 5.241991996765137
55 0 7.152995347976685
56 0 4.036011695861816
57 0 1.3459892272949219
58 2 129.7044665813446
59 0 8.792984247207642
60 3 130.3378508090973
61 0 8.486021041870117
62 0 3.3661611080169678
63 0 9.20199465751648
64 0 1.804002285003662
65 0 17.66000461578369
66 4 125.11761021614075
67 0 4.732996940612793
68 0 4.142996311187744
69 3 111.53197860717773
70 0 1.366997241973877
71 0 0.6859982013702393
72 0 8.60101580619812
73 5 127.13299870491028
74 0 0.7220339775085449
75 0 2.6100080013275146
76 0 4.468989849090576
77 0 54.731849193573
78 0 1.3139674663543701
79 0 52.09611892700195
80 0 6.603995084762573
