0 0 1.764068365097046
1 0 0.9558794498443604
2 0 5.862120866775513
3 2 100.81066465377808
4 8 102.138188123703
5 0 2.668285608291626
6 0 18.03916645050049
7 0 4.685500621795654
8 2 101.95418095588684
9 0 0.9082522392272949
10 2 100.16540050506592
11 0 7.544503688812256
12 0 5.811532258987427
13 0 0.15897727012634277
14 0 0.31670594215393066
15 0 44.793554067611694
16 2 103.50184941291809
17 0 6.85578179359436
18 0 19.96911311149597
19 0 12.975690841674805
20 0 23.474055767059326
21 10 102.9058427810669
22 4 101.19060826301575
23 0 5.0022149085998535
24 0 1.0630474090576172
25 8 103.5116937160492
26 0 2.359689474105835
27 4 101.99270963668823
28 6 103.13626337051392
29 0 8.729992866516113
30 0 23.397573947906494
31 2 101.72499132156372
32 12 103.40168857574463
33 0 1.0041937828063965
34 0 3.0218162536621094
35 4 100.87042450904846
36 0 2.3223350048065186
37 2 101.98077654838562
38 0 12.933630466461182
39 7 102.49872708320618
40 0 0.2597043514251709
41 0 4.273854494094849
42 0 0.5997557640075684
43 0 2.5900633335113525
44 0 6.595690011978149
45 4 100.13256812095642
46 2 101.88776779174805
47 3 101.19504380226135
48 6 101.08094716072083
49 0 22.05985140800476
50 0 22.09404420852661
51 2 101.57646489143372
52 2 102.3250675201416
53 7 102.31368327140808
54 0 1.2050108909606934
55 0 27.351912260055542
56 0 5.87816309928894
57 0 4.130208730697632
58 0 4.084775924682617
59 0 5.621574401855469
60 6 101.50255560874939
61 0 7.695291996002197
62 0 0.8254530429840088
63 0 10.52826714515686
64 0 2.18526029586792
65 0 11.682258367538452
66 2 103.48109292984009
67 0 2.71714448928833
68 0 2.087001323699951
69 2 103.47627568244934
70 0 1.8249621391296387
71 0 1.0460474491119385
72 0 1.9605364799499512
73 5 101.94955134391785
74 0 0.5448658466339111
75 0 1.1088602542877197
76 0 6.414305925369263
77 11 102.19001173973083
78 0 10.608840942382812
79 0 51.57300543785095
80 0 3.727735757827759
81 0 56.4289448261261
82 0 1.3552002906799316
83 0 4.577349424362183
84 0 1.2043662071228027
85 0 4.304933786392212
86 0 6.227156162261963
87 0 10.18320083618164
88 0 0.8908820152282715
89 0 0.13151979446411133
90 0 11.844602346420288
91 0 0.5852804183959961
92 0 1.5188825130462646
93 0 0.4185352325439453
94 0 1.0124504566192627
95 0 4.0379743576049805
96 0 0.5061595439910889
97 8 101.83681344985962
98 5 101.87977886199951
99 0 1.9067952632904053
100 2 102.07258009910583
101 0 21.28595781326294
102 2 102.14981698989868
103 2 101.93660593032837
104 0 2.4208266735076904
105 2 102.95124340057373
106 0 0.16534996032714844
107 0 0.24112844467163086
108 5 101.74756407737732
109 4 101.46902704238892
110 0 1.9171020984649658
111 0 5.8281543254852295
112 0 24.23880672454834
113 0 11.564218521118164
114 0 2.9609696865081787
115 0 5.132073402404785
116 0 31.14592671394348
117 0 1.5165679454803467
118 7 102.92747497558594
119 0 0.41849637031555176
120 0 5.4327452182769775
121 0 20.101439714431763
122 0 32.76514959335327
123 0 0.13077378273010254
124 7 101.70181059837341
125 15 103.24649024009705
126 0 1.8531692028045654
127 0 23.570781469345093
128 0 6.61223030090332
129 0 4.304593086242676
130 2 102.6191234588623
131 0 2.0218844413757324
132 0 70.78952264785767
133 0 2.942037343978882
134 0 3.404904365539551
135 2 101.23828411102295
136 0 6.1210618019104
137 0 1.1790580749511719
138 0 11.390084028244019
139 2 101.62703919410706
140 0 2.412900447845459
141 4 100.50592470169067
142 0 18.75711226463318
143 0 0.9614071846008301
144 0 49.14185667037964
145 4 100.38825821876526
146 0 0.3432154655456543
147 0 0.7093226909637451
148 3 101.75035572052002
149 9 102.94097375869751
150 0 72.29722261428833
151 0 4.063410520553589
152 0 0.9570302963256836
153 0 36.100682497024536
154 0 1.1399924755096436
155 0 4.479853868484497
156 0 0.41068124771118164
157 7 101.36833930015564
158 0 5.992186546325684
159 0 27.808626651763916
160 2 102.70867657661438
161 8 103.2520797252655
162 0 0.7779664993286133
163 0 2.795339822769165
164 0 2.841174602508545
165 8 103.11463761329651
166 0 0.9067749977111816
167 0 1.0516865253448486
168 6 102.89503979682922
169 2 101.08376026153564
170 6 102.00448942184448
171 0 0.8239879608154297
172 0 3.321958065032959
173 0 11.43210506439209
174 0 10.579941987991333
175 9 102.77674674987793
176 0 1.0100781917572021
177 0 3.4641473293304443
178 0 4.680467844009399
179 6 101.2766945362091
180 0 1.1059465408325195
181 6 102.45697331428528
182 0 0.19542407989501953
183 0 1.7389187812805176
184 0 2.265024423599243
185 0 19.834251880645752
186 0 25.129265546798706
187 4 101.6618447303772
188 12 103.07452535629272
189 0 0.08788394927978516
190 0 2.306489944458008
191 0 30.208297729492188
192 0 6.703465223312378
193 0 72.4363739490509
194 0 6.059800148010254
195 2 100.87808895111084
196 0 24.944356203079224
197 0 1.717256784439087
198 0 43.15449285507202
199 0 5.880844354629517
200 0 10.671545028686523
201 0 74.06777691841125
202 4 102.08121395111084
203 2 102.12820816040039
204 0 2.776604175567627
205 0 1.1163198947906494
206 0 16.782114267349243
207 2 101.26555371284485
208 0 16.58059287071228
209 0 28.692891836166382
210 0 3.1674535274505615
211 0 0.9931864738464355
212 0 0.1592388153076172
213 0 0.8667664527893066
214 8 102.6307258605957
215 0 51.24725389480591
216 2 101.67322993278503
217 0 2.920212984085083
218 2 102.59226441383362
219 0 1.4541172981262207
220 0 2.302432060241699
221 0 0.6966485977172852
222 0 1.8747541904449463
223 4 103.72027325630188
224 0 2.0038108825683594
225 0 6.792604207992554
226 0 1.0993766784667969
227 0 0.7353887557983398
228 0 0.02120518684387207
229 0 2.4720540046691895
230 0 8.381855964660645
231 10 103.03793406486511
232 0 2.03044056892395
233 2 100.7144923210144
234 0 31.32189416885376
235 7 102.72635960578918
236 5 100.78679728507996
237 11 103.69829225540161
238 0 30.78253746032715
239 0 3.758803367614746
240 0 0.2320692539215088
241 0 0.15504693984985352
242 0 2.324347496032715
243 0 1.3168034553527832
244 0 2.5225374698638916
245 8 102.7263696193695
246 0 1.967684268951416
247 0 2.000680923461914
248 0 2.2956252098083496
249 0 4.038956165313721
250 6 101.9139814376831
251 4 101.46390461921692
252 0 87.32680916786194
253 0 8.940622568130493
254 0 5.172520637512207
255 0 23.8867404460907
256 0 0.47675228118896484
257 2 102.1134557723999
258 0 20.158737659454346
259 2 101.95804786682129
260 0 5.383971214294434
261 0 1.658217191696167
262 2 101.7876524925232
263 0 0.7999699115753174
264 0 0.46138644218444824
265 0 2.1106183528900146
266 2 102.36601042747498
267 0 12.975768804550171
268 3 101.63128995895386
269 0 7.1860671043396
270 0 31.039754390716553
271 0 2.2133982181549072
272 0 8.024561882019043
273 0 4.984866619110107
274 0 9.816014766693115
275 0 26.755751132965088
276 0 1.35227632522583
277 0 4.968874216079712
278 2 101.31354880332947
279 0 4.01425576210022
280 0 13.54648208618164
281 0 1.308781623840332
282 0 2.720925807952881
283 0 7.484478950500488
284 0 6.135189771652222
285 0 1.0273606777191162
286 0 20.169111013412476
287 0 20.52660322189331
288 2 101.0860104560852
289 0 6.48166036605835
290 0 8.644375324249268
291 0 16.5672504901886
292 0 1.5831174850463867
293 0 0.3356149196624756
294 0 3.7710561752319336
295 2 101.65628552436829
296 4 101.4206612110138
297 0 11.495730876922607
298 0 1.3389716148376465
299 0 55.187933921813965
