190 0 933.7539608478546
171 0 970.1672492027283
285 0 987.3879072666168
152 0 993.0979764461517
76 0 1010.8686940670013
228 0 1039.1789021492004
0 0 1063.9381129741669
209 0 1141.5137541294098
57 0 1201.1977002620697
95 0 1202.1727135181427
266 0 1220.3121025562286
133 2 1305.0193946361542
38 0 1307.8234713077545
247 0 1308.0954608917236
19 0 1326.5272278785706
114 0 1328.441247701645
77 0 396.06438875198364
1 0 444.7632842063904
153 0 871.1042151451111
229 0 1130.2918827533722
191 0 1268.3420236110687
286 0 1251.8932909965515
172 0 1274.9879703521729
58 0 1155.4159588813782
39 0 1051.8982465267181
267 0 1156.9296944141388
96 0 1226.762707710266
210 0 1335.4419300556183
248 0 1185.1621677875519
115 0 1189.54953956604
20 0 1265.7290217876434
78 0 1225.2317402362823
134 0 1332.3539826869965
2 0 1197.013257265091
154 0 1079.7649257183075
21 0 450.2989993095398
79 0 531.8351855278015
173 0 999.5113453865051
249 0 774.3602333068848
192 0 1178.0827553272247
230 0 1223.5000586509705
59 0 1131.9996099472046
287 0 1277.324054479599
116 0 1068.6668729782104
193 0 252.9092948436737
97 0 1211.647444486618
40 0 1286.7131876945496
268 0 1271.3762784004211
211 0 1214.8759670257568
135 0 1114.729727268219
3 0 1089.7356317043304
41 0 218.0967309474945
22 0 1158.469919204712
155 0 1333.7485799789429
250 0 1097.557951450348
174 0 1133.0132217407227
80 0 1255.191641330719
42 0 676.8380947113037
269 0 945.4496018886566
60 0 1172.253647327423
194 0 1065.7622549533844
288 0 1183.9811251163483
231 0 1311.6265079975128
289 0 68.62564969062805
98 0 1155.9164307117462
117 0 1256.6240243911743
4 0 1163.898656129837
212 0 1271.4119260311127
136 0 1283.6227388381958
175 0 733.5442359447479
23 0 1190.407573223114
156 0 1135.4066278934479
251 0 1188.260771036148
81 0 1191.9941325187683
195 0 913.3508903980255
61 0 1047.1045911312103
43 0 1169.666330575943
270 0 1176.002736568451
118 0 1049.095000743866
290 0 1220.1845860481262
232 0 1299.7342698574066
99 0 1302.1204991340637
213 0 1242.1853923797607
137 0 1224.1806259155273
5 0 1296.8969569206238
176 0 1361.3101453781128
157 0 1265.8785581588745
24 0 1287.238665819168
82 0 1215.6610805988312
196 0 1215.7225587368011
252 0 1281.17138671875
62 0 1185.7877249717712
271 0 1131.7398138046265
44 0 1440.0360646247864
291 0 1185.627019405365
214 0 988.5172510147095
197 0 361.06082940101624
215 0 64.09837698936462
119 0 1391.4284982681274
233 0 1336.9549596309662
138 0 1100.5098462104797
6 0 1230.2314178943634
100 2 1403.7366371154785
83 0 840.0796585083008
253 0 958.5927126407623
177 0 1389.4692792892456
272 0 1019.2861404418945
63 0 1082.509549856186
158 0 1343.2204830646515
292 0 929.1897888183594
25 0 1446.5969026088715
216 0 1098.353270292282
45 0 1263.7825553417206
234 0 1179.2415986061096
139 0 1222.7341051101685
198 0 1389.0081293582916
7 0 1139.1776773929596
120 0 1417.9011845588684
84 0 1067.9403121471405
101 0 1475.6268570423126
159 0 1056.2014183998108
64 0 1128.868151664734
293 0 1046.1766645908356
178 0 1417.9860508441925
254 0 1506.4453876018524
273 0 1399.9492309093475
217 0 964.8544111251831
140 0 934.7123258113861
26 0 1455.226844072342
235 0 1104.9725835323334
8 0 1093.0847873687744
85 0 1097.6304545402527
46 0 1454.9837536811829
294 0 890.4284203052521
121 0 1353.4622213840485
65 0 967.9434878826141
160 0 1046.0214774608612
199 2 1573.59486246109
218 0 891.149977684021
179 0 1182.6620001792908
102 0 1530.0220153331757
274 0 1299.3924510478973
141 0 1103.2874097824097
236 0 1020.2589290142059
275 0 64.94451522827148
86 0 864.7053468227386
255 0 1416.8106501102448
9 0 1067.8774704933167
27 0 1366.5625257492065
295 0 953.2395675182343
66 0 1019.3106384277344
219 0 989.2108025550842
161 0 1116.2936515808105
47 0 1411.195407629013
237 0 800.2678434848785
200 0 1385.1180760860443
276 0 914.1123292446136
122 0 1572.875207901001
142 0 1006.8066461086273
296 0 651.8932156562805
87 0 1062.163098335266
180 0 1365.7149651050568
28 0 957.3032021522522
10 0 1120.1175038814545
103 0 1514.7216641902924
162 0 922.5254259109497
67 0 1122.225162744522
256 0 1569.1845800876617
220 0 1084.2480163574219
238 0 1021.9273872375488
239 0 128.79452514648438
143 0 1107.2427220344543
297 0 1180.52681016922
88 0 1101.0218589305878
48 0 1584.4298861026764
277 0 1422.3504476547241
11 0 1201.1915922164917
201 0 1589.7519850730896
123 0 1596.6600074768066
68 0 1085.8714275360107
181 0 1559.5645470619202
163 0 1232.5489630699158
221 0 1147.6224918365479
29 0 1544.4860653877258
222 0 39.34623050689697
104 0 1620.8032579421997
257 0 1421.4782319068909
240 0 1111.808875799179
144 0 1184.9009053707123
298 0 1260.848072528839
89 2 1319.8552160263062
49 0 1459.3777701854706
182 0 954.5078046321869
12 0 1257.6072037220001
30 0 949.0985000133514
69 0 1275.1794648170471
278 0 1572.600906610489
164 0 1248.6861233711243
124 0 1458.3355157375336
165 0 110.92481112480164
223 0 1282.49404835701
202 0 1677.771223783493
241 0 1101.73313331604
145 0 948.2029762268066
50 0 734.6213946342468
258 0 1423.1990983486176
105 0 1508.032354593277
299 0 1146.8728041648865
90 0 1132.2545893192291
31 0 1042.6809029579163
13 0 1116.3122963905334
183 0 1311.704270362854
70 0 1140.542355298996
146 0 1022.1223096847534
259 0 769.4838237762451
242 0 1154.1250705718994
279 0 1399.1790044307709
224 0 1236.742125749588
125 0 1404.0872435569763
166 2 1325.366942167282
225 0 235.64945936203003
203 0 1462.215399980545
51 0 1370.5659794807434
91 0 1230.2034285068512
106 0 1435.383791923523
14 0 1253.0766813755035
147 0 974.2733314037323
32 0 1433.0083436965942
71 0 1303.4638512134552
184 0 1434.4812626838684
243 0 1327.8222870826721
167 0 1288.5172142982483
107 0 818.3755650520325
260 0 1572.4598412513733
204 0 1219.5647106170654
280 0 1501.7610492706299
226 0 1317.7791483402252
126 0 1536.6499207019806
281 0 135.01177382469177
92 0 1317.6599340438843
52 0 1450.6526582241058
148 0 1121.1824233531952
244 0 755.3058359622955
15 0 1312.482233285904
72 0 1060.0817394256592
53 0 196.44624400138855
149 0 258.5423619747162
185 0 1417.5863289833069
33 0 1642.9157254695892
168 0 1392.5551121234894
227 0 1250.8415696620941
261 0 1398.878009557724
108 0 1500.8908751010895
127 0 1525.4034938812256
205 0 1677.8011796474457
